32 32
1000 -1 18 -4 15 -7 12 -10 9 -13 6 -16 3 -19 0 19 -3 16 -6 13 -9 10 -12 7 -15 4 -18 1 20 -2 17 -1164
17 1056 -5 -16 14 3 -8 -19 11 0 -11 19 8 -3 -14 16 5 -6 -17 13 2 -9 -20 10 -1 -12 18 7 -4 -15 15 -3250
13 13 1015 13 13 13 13 13 13 13 13 13 13 13 13 13 13 13 13 13 13 13 13 13 13 13 13 13 13 13 13 4034
9 20 -10 1071 12 -18 -7 4 15 -15 -4 7 18 -12 -1 10 -20 -9 2 13 -17 -6 5 16 -14 -3 8 19 -11 0 11 2046
5 -14 8 -11 1030 -8 14 -5 17 -2 20 1 -18 4 -15 7 -12 10 -9 13 -6 16 -3 19 0 -19 3 -16 6 -13 9 -255
1 -7 -15 18 10 1086 -6 -14 19 11 3 -5 -13 20 12 4 -4 -12 -20 13 5 -3 -11 -19 14 6 -2 -10 -18 15 7 -2174
-3 0 3 6 9 12 1045 18 -20 -17 -14 -11 -8 -5 -2 1 4 7 10 13 16 19 -19 -16 -13 -10 -7 -4 -1 2 5 -4000
-7 7 -20 -6 8 -19 -5 1004 -18 -4 10 -17 -3 11 -16 -2 12 -15 -1 13 -14 0 14 -13 1 15 -12 2 16 -11 3 2780
-11 14 -2 -18 7 -9 16 0 1060 9 -7 18 2 -14 11 -5 20 4 -12 13 -3 -19 6 -10 15 -1 -17 8 -8 17 1 1038
-15 -20 16 11 6 1 -4 -9 -14 1019 17 12 7 2 -3 -8 -13 -18 18 13 8 3 -2 -7 -12 -17 19 14 9 4 -1 -909
-19 -13 -7 -1 5 11 17 -18 -12 -6 1075 6 12 18 -17 -11 -5 1 7 13 19 -16 -10 -4 2 8 14 20 -15 -9 -3 -3216
18 -6 11 -13 4 -20 -3 14 -10 7 -17 1034 17 -7 10 -14 3 20 -4 13 -11 6 -18 -1 16 -8 9 -15 2 19 -5 4312
14 1 -12 16 3 -10 18 5 -8 20 7 -6 1090 9 -4 -17 11 -2 -15 13 0 -13 15 2 -11 17 4 -9 19 6 -7 2151
10 8 6 4 2 0 -2 -4 -6 -8 -10 -12 -14 1049 -18 -20 19 17 15 13 11 9 7 5 3 1 -1 -3 -5 -7 -9 100
6 15 -17 -8 1 10 19 -13 -4 5 14 -18 -9 0 1008 18 -14 -5 4 13 -19 -10 -1 8 17 -15 -6 3 12 -20 -11 -2961
2 -19 1 -20 0 20 -1 19 -2 18 -3 17 -4 16 -5 1064 -6 14 -7 13 -8 12 -9 11 -10 10 -11 9 -12 8 -13 -4131
-2 -12 19 9 -1 -11 20 10 0 -10 -20 11 1 -9 -19 12 1023 -8 -18 13 3 -7 -17 14 4 -6 -16 15 5 -5 -15 3090
-6 -5 -4 -3 -2 -1 0 1 2 3 4 5 6 7 8 9 10 1079 12 13 14 15 16 17 18 19 20 -20 -19 -18 -17 1057
-10 2 14 -15 -3 9 -20 -8 4 16 -13 -1 11 -18 -6 6 18 -11 1038 13 -16 -4 8 20 -9 3 15 -14 -2 10 -19 -963
-14 9 -9 14 -4 19 1 -17 6 -12 11 -7 16 -2 -20 3 -15 8 -10 1094 -5 18 0 -18 5 -13 10 -8 15 -3 20 -3412
-18 16 9 2 -5 -12 -19 15 8 1 -6 -13 -20 14 7 0 -7 -14 20 13 1053 -1 -8 -15 19 12 5 -2 -9 -16 18 4186
19 -18 -14 -10 -6 -2 2 6 10 14 18 -19 -15 -11 -7 -3 1 5 9 13 17 1012 -16 -12 -8 -4 0 4 8 12 16 1983
15 -11 4 19 -7 8 -18 -3 12 -14 1 16 -10 5 20 -6 9 -17 -2 13 -13 2 1068 -9 6 -20 -5 10 -16 -1 14 86
11 -4 -19 7 -8 18 3 -12 14 -1 -16 10 -5 -20 6 -9 17 2 -13 13 -2 -17 9 1027 20 5 -10 16 1 -14 12 -2223
7 3 -1 -5 -9 -13 -17 20 16 12 8 4 0 -4 -8 -12 -16 -20 17 13 9 5 1 -3 1083 -11 -15 -19 18 14 10 -4227
3 10 17 -17 -10 -3 4 11 18 -16 -9 -2 5 12 19 -15 -8 -1 6 13 20 -14 -7 0 7 1042 -20 -13 -6 1 8 3220
-1 17 -6 12 -11 7 -16 2 20 -3 15 -8 10 -13 5 -18 0 18 -5 13 -10 8 -15 3 -20 -2 1001 -7 11 -12 6 1001
-5 -17 12 0 -12 17 5 -7 -19 10 -2 -14 15 3 -9 20 8 -4 -16 13 1 -11 18 6 -6 -18 11 1057 -13 16 4 -1080
-9 -10 -11 -12 -13 -14 -15 -16 -17 -18 -19 -20 20 19 18 17 16 15 14 13 12 11 10 9 8 7 6 5 1016 3 2 -3055
-13 -3 7 17 -14 -4 6 16 -15 -5 5 15 -16 -6 4 14 -17 -7 3 13 -18 -8 2 12 -19 -9 1 11 -20 1072 0 4230
-17 4 -16 5 -15 6 -14 7 -13 8 -12 9 -11 10 -10 11 -9 12 -8 13 -7 14 -6 15 -5 16 -4 17 -3 18 1031 2135
20 11 2 -7 -16 16 7 -2 -11 -20 12 3 -6 -15 17 8 -1 -10 -19 13 4 -5 -14 18 9 0 -9 -18 14 5 -4 -338
